document_id,alt.atheism,comp.graphics,comp.os.ms-windows.misc,comp.sys.ibm.pc.hardware,comp.sys.mac.hardware,comp.windows.x,misc.forsale,rec.autos,rec.motorcycles,rec.sport.baseball,rec.sport.hockey,sci.crypt,sci.electronics,sci.med,sci.space,soc.religion.christian,talk.politics.guns,talk.politics.mideast,talk.politics.misc,talk.religion.misc
11315,0.029791314761054722,0.004622808374566385,0.10239034700602406,0.02943316703250466,0.02022763872367018,0.06682410501393003,0.07977187652493924,0.08970824227372728,0.0732361158684515,0.08222485773146053,0.0612688167456341,0.011158215476641397,0.05938238912446261,0.033477986591561155,0.032620891856692015,0.06451809274304059,0.017768871377805192,0.0717077469673123,0.05214765585762622,0.017718859948895802
11316,0.05053919118620563,0.04310925503246892,0.070831668136565,0.022555206558208293,0.035360680446583546,0.05031348247880427,0.07649080603874667,0.05985501620919211,0.0854921481130117,0.011020800999189735,0.043155298698815535,0.053429133856247805,0.05950718160711226,0.04727632976612418,0.04321685278214316,0.09096659334482812,0.02659411867338492,0.07250837267044098,0.023644900469691393,0.034132962932235555
11317,0.10092361619225791,0.029828241800134346,0.06142480517391035,0.018136710262593732,0.06564116300798332,0.037833477852457324,0.04236785791390475,0.10307918340904214,0.05583907726514525,0.03770062443044056,0.08101839509110223,0.04000849735862135,0.026682608525693065,0.01670619831767078,0.10420260751946063,0.0020451141940440783,0.02191689557940029,0.0008643547530694974,0.07503073812962008,0.07874983322344836
11318,0.03288864300617754,0.023031560905107523,0.09238823593829236,0.06288869795447052,0.022199206536120175,0.016644457057093106,0.03315281927871648,0.04977080235800563,0.05576509312753441,0.05754532281500642,0.04093969058892106,0.08968421856540341,0.06102053790747627,0.053584802319229616,0.03952664214441321,0.058743493847494097,0.054077797758679866,0.07856366915176986,0.02237697468041722,0.055207334059671286
11319,0.05724365466256317,0.05713589999672507,0.07791556513401852,0.036080300063956225,0.004004621298306502,0.05555655489711444,0.037737065484871414,0.03433562513395888,0.06702500745366022,0.08507101819151114,0.04262646542515605,0.033497677441028724,0.027101476636354167,0.011335326495759124,0.046231122001727167,0.047149815765541045,0.06652915530489642,0.09209551000459097,0.052140699541377886,0.06918743906688278
11320,0.002348802899118469,0.022738699563959557,0.034481496287829705,0.05475690248846554,0.05928989896578014,0.06422792283421057,0.015488682435623574,0.020214226272711876,0.04309645055684089,0.07546434556586067,0.06677898076752271,0.014474222955282464,0.11614085254375825,0.0037153178774905473,0.08521733178861882,0.12275314483551458,0.03791372973853348,0.08453250721867271,0.05834015800538946,0.018026326398815847
11321,0.08411588801155068,0.046620010879539854,0.02454234998398663,0.027013213764668552,0.09568946638260413,0.02448208021144386,0.04301012760528364,0.09277899816924161,0.05047360345779282,0.01922630955566361,0.015011665498449062,0.07846384183408787,0.08119733191284778,0.018573523310623456,0.04839188097658981,0.05196608864190672,0.04334579468630644,0.03309889871207587,0.07568241456514671,0.04631651184019098
11322,0.08118466349810692,0.09197034613030163,0.09014489855776195,0.056863404507458894,0.08287126486025234,0.002701333585650531,0.01081462167709119,0.06325332940847181,0.0298705183645396,0.01814549061111866,0.04334997473945551,0.04905985989981455,0.033596766650909375,0.08566057188886438,0.018976746828710745,0.08029272612418699,0.044742562841058924,0.026820792385535214,0.0887799785069845,0.0009001489337264259
11323,0.06124528738903108,0.04513957037856066,0.008791943536727142,0.014951326420791125,0.08358052520728931,0.03770434004918692,0.03402992673387085,0.10644886302551149,0.09353927685222747,0.02680392539595834,0.0388483002085058,0.021175749318081024,0.03417505617827777,0.015211743478796813,0.08992937891560697,0.0016419430398929577,0.09557428996885989,0.10371819832155565,0.05108683437329314,0.03640352120797555
11324,0.07738823576654875,0.07580116387875652,0.037725930499476916,0.07065137804038847,0.0161710546693054,0.08325822418323643,0.04203406637807703,0.0068617182544499136,0.06936846249485368,0.03262651560583348,0.04822086229984644,0.07115531059146012,0.059649736286719414,0.05382861945027906,0.04775210567554012,0.05516033966486065,0.024002457828603486,0.073316583250284,0.02725448669992189,0.02777274848155823
11325,0.034042406707119055,0.07804176399487718,0.05202266991994038,0.018018949238366666,0.09113066295962617,0.044891071618959395,0.004781638268658043,0.043436518751625956,0.0635779904108449,0.06756551971301376,0.008317851628277006,0.05186874162723115,0.06395729701815595,0.03167276918519923,0.06935617105155183,0.009520433841186258,0.047885851099892025,0.08943765077078751,0.06478197401387864,0.06569206818080883
11326,0.038409716236005746,0.06629399086588655,0.014202425930847739,0.013887173829870219,0.08758805357805383,0.08251472398500286,0.02743840812628663,0.04337765755102765,0.03857395526499715,0.01344968445970043,0.030516685407888388,0.02948560174395172,0.02643197075346573,0.08952491553355174,0.08878369906871857,0.079721551981769,0.06853518204591721,0.019636820308861103,0.08407177050841205,0.05755601281978583
11327,0.09781525034913975,0.08988586755030469,0.02053640781946036,0.07312362846275014,0.06441813312284965,0.02777870055124432,0.07603922261147725,0.05550255584718979,0.021300748193629985,0.011610945746971564,0.06859839765782239,0.09841012006517923,0.038333337774394974,0.01225118961694779,0.0014743838922013383,0.07403329683111758,0.05458595099467141,0.06907659998758428,0.004827799028811827,0.0403974638962519
11328,0.06885750279621673,0.06807241613998499,0.05581466609562055,0.015544600603161422,0.031958530785118906,0.07608807218967906,0.017603453256200937,0.08133466243613945,0.017642729597195945,0.0839890858384532,0.011953130364658957,0.021781178106668634,0.07560881586245459,0.02730110643659605,0.054241739237664024,0.01298451925140313,0.0769265169252217,0.06359413501874532,0.06718195909470259,0.0715211799641138
11329,0.08158788894761645,0.01051641563659898,0.08736670598018578,0.08631798951604942,0.08071859619189682,0.0730660638304758,0.015857729118403552,0.011564661903865599,0.016001104493296715,0.012208800758373469,0.019956954915531417,0.023282239960846562,0.08897207996307477,0.08082727415716467,0.09149466147997971,0.044535320593860686,0.02452721710256755,0.05791345699280324,0.020207184084054804,0.07307765437335395
11330,0.03657660905640225,0.07099413840161162,0.06899914842689861,0.07766199246870371,0.08838146193204754,0.026574658524500316,0.018822577450711836,0.014542826770309367,0.08576431493128928,0.09162033940774718,0.0720014290560532,0.008724372264634302,0.05500634701577314,0.061417578152999835,0.017151793560973506,0.03893408625748734,0.002443956760006308,0.09300993473461865,0.06785220868601007,0.003520226141222077
11331,0.0038992693293114435,0.01977431364740213,0.0013401303418026148,0.015172705382090958,0.009295383931784687,0.1081413338200083,0.07273144330338129,0.02424606667345336,0.0778789369169856,0.025570396708245433,0.03287528701000259,0.11047341365570632,0.08607531105551879,0.11065654476073844,0.003944566262820395,0.05195423104687609,0.0660688498153432,0.07898393680418099,0.05457505498433434,0.04634282455001286
11332,0.08171231653944473,0.002369208832908435,0.026099258057496674,0.08607015613592167,0.07869447853988905,0.042669157098135235,0.0021304815091241084,0.008361747295330589,0.05821340785886617,0.08263962240433018,0.08748438988596922,0.03385359543401731,0.09150952282090533,0.01822344704197048,0.07184579455141331,0.0185468258445559,0.05420953058543094,0.019086008703901012,0.08636061006596694,0.049920440794422725
11333,0.046033909472586024,0.07269987401157248,0.056673583829098706,0.019737022357943907,0.07840098132635316,0.06941113278202249,0.052376314202958,0.01983897165870237,0.060354475385935774,0.06898803139950603,0.043642815699966815,0.0314275433757409,0.02924290723150517,0.04512484456032348,0.06768177659788145,0.08049993819530721,0.04100232368128065,0.07038812734084497,0.02803325306567356,0.01844217382479696
11334,0.02308150711287862,0.05069031767229853,0.05148943059199394,0.05941640296061887,0.0068331953129017915,0.08742998003135122,0.07056652917077064,0.013827506308735056,0.010456152634216113,0.05435067921670568,0.02831570802870075,0.05258747742635962,0.08949722314188656,0.02552822136214671,0.07668472000824388,0.04855251415401993,0.09001232469325844,0.037138723039081036,0.03346226181168567,0.09007912532214686
11335,0.027474504143059488,0.07037905669807536,0.03377983003814472,0.019662374156850796,0.07113121730821931,0.08157651763280906,0.04676797995111961,0.070326889346421,0.06966665368870635,0.031391680542622,0.05133228003211977,0.08215717025875091,0.013987017622268559,0.03492153779969775,0.09095269320646114,0.008324230152256017,0.08386353703297876,0.026397344735949808,0.00417517117596983,0.08173231447751993
11336,0.08860674068519774,0.06109715680243698,0.08930967448776048,0.04275230108604705,0.07181867757612041,0.06762266314397752,0.019932281911246814,0.05439196031663478,0.08907341989984294,0.014735976717326639,0.006686154174031987,0.06620610521634718,0.04825855666076758,0.0809203704147568,0.04275706643960169,0.0661269841239082,0.0073663040648078455,0.0010296960113852945,0.025364427716426097,0.055943482551376024
11337,0.022375575053443644,0.07259523313558618,0.08813797589266681,0.049084729874480745,0.05900086228020181,0.025829019821636264,0.028615514947378143,0.009541910350976993,0.08800685421891824,0.012099120456875235,0.04755000458708059,0.046366161210221454,0.014800407082689997,0.07410345152326972,0.03864076507753317,0.07974507464112135,0.06389490543803449,0.06043082212483532,0.048107365024089355,0.07107424725896042
11338,0.030884133608996424,0.07262114940006026,0.06112231795164657,0.06940828795977314,0.07020610445675927,0.070745100605812,0.02501417094418074,0.0704941373892931,0.049499266897540174,0.02997361315281995,0.04948139114685635,0.047536968815392815,0.07011836202856683,0.02524689400836338,0.007548545343365221,0.06476275718299171,0.026088125250212698,0.049879905887718075,0.052757893956991354,0.056610874012660004
11339,0.025020391052588555,0.0805923826952299,0.03748417569392194,0.057244069580971814,0.04183135645665527,0.020898653442215635,0.037838276216248044,0.008465297449788911,0.0669172069426032,0.03488388272278674,0.0025449505106084425,0.07253107685477457,0.05202122348718507,0.062092924214596154,0.06895675605328323,0.038053618737950524,0.09098485273624753,0.05614174271814146,0.09298525455226087,0.052511907881942044
11340,0.046254589754752745,0.020069051469397456,0.020176355876240355,0.06820190465060336,0.019527745862624197,0.0771224064431136,0.07442780118640081,0.01920536811817561,0.010173440498525357,0.05170844754524144,0.0041706647973988155,0.006533064369719907,0.1095126352693489,0.053319918815939955,0.08123466416187294,0.05031014522768667,0.01395422320245282,0.10798067907885947,0.0952280701570543,0.07088882351459128
11341,0.007320083281318735,0.035003935901052476,0.005991733022101446,0.04176343567490821,0.011548439389423975,0.06984296808998566,9.739293982490359e-05,0.04988084326677187,0.06344277201694426,0.03965971018255969,0.09025598154669928,0.10383101234412065,0.09139180014550867,0.13214595815736635,0.030238737866118845,0.0543820231114634,0.0308353806144986,0.021220253676890753,0.07868125496022645,0.04246628381221604
11342,0.027101202274606953,0.024270921695853365,0.0841157331912876,0.0010370627030538923,0.01980461731458532,0.09738883406659775,0.09685107111140429,0.09412067657502467,0.025437485132405676,0.08347326529970878,0.03929582152055772,0.020817813609588155,0.06017489771012087,0.08635378730755999,0.011603286780735305,0.07640875869404147,0.010885553712888955,0.0015686483586886306,0.09052662073609208,0.04876394220519839
11343,0.040323472311798364,0.09205373336255372,0.0963536916628052,0.06898000041901194,0.019926887460456035,0.03509503728907948,0.012707620399581874,0.03825806419574793,0.08255198616042435,0.01574849226054117,0.1048816177646049,0.08283149812630367,0.06994835524412406,0.008195361776368438,0.0833134046586428,0.027175819920458533,0.02613458146306436,0.020924319047078668,0.02868048604635069,0.0459155704310039
11344,0.06861082990189231,0.055217446464197024,0.05451647377528762,0.029892697567143807,0.01927305489472464,0.05512945835617364,0.07635322605630276,0.06935496924247944,0.060783011045132444,0.04137477035830771,0.07999209909799795,0.07353761921077172,0.07536459482291093,0.057901978371842085,0.07053579491215808,0.02974659419827514,0.0245924913278891,0.03675335921382069,0.017186642386639257,0.0038828887960538562
11345,0.023755222489306654,0.017592882710846004,0.04414017947931053,0.08760511502698436,0.056805089011860294,0.07016301592299225,0.08243445042601709,0.05493990808522411,0.0463292777168672,0.07799038727817038,0.08390658834764114,0.04275094532071102,0.025012473693540076,0.00320973150084991,0.024571377590776926,0.023712287999226478,0.05629290957392291,0.011131512154776986,0.08304154519540921,0.08461510047556661
11346,0.02580467431215898,0.051746932124445706,0.07278599763555536,0.031204891001412452,0.061408263533901816,0.07729336500797951,0.07023742459758123,0.02986357182912855,0.04327978597737292,0.012775607824363716,0.036093965395978915,0.030851463097388048,0.0801433927003671,0.0518001795343661,0.06524736274411079,0.016495101057809977,0.05863846286971232,0.06850780445137723,0.0671704430383933,0.04865131126659596
11347,0.038199005129687616,0.04942220641215274,0.047625196375695164,0.07716628540309034,0.06988171917030757,0.007903820194417061,0.08424677241326269,0.059820341422028536,0.07361188681672726,0.010032838018361707,0.014936451332649875,0.040392997957625736,0.08926579007744137,0.07984048215935452,0.06719760579565151,0.06464337427319763,0.007051423659051357,0.05951318472038397,0.029286138265182667,0.029962480403730677
11348,0.013060776754999854,0.05415578406812825,0.10150909631319424,0.010752236194895334,0.01578006170078481,0.05161448171044787,0.05203911132515386,0.08001800130756073,0.018622636652246793,0.05182949762803011,0.008997407399992956,0.01151116998388435,0.06234298870712352,0.09940993588621559,0.10357240392802279,0.10330584187402758,0.05957777837662293,0.04950534265189154,0.033748293539855825,0.01864715399692095
11349,0.09053077365663803,0.05581021600298359,0.02946315518614625,0.06767954187458335,0.10425580347325192,0.010604471174007344,0.051091279402768155,0.06742839885599046,0.06659700613894025,0.021624358511771757,0.07125878470513697,0.06526118065844302,0.01062932608641209,0.013173231304750427,0.047499413977438676,0.06423350759832001,0.08957758248071139,0.025557342510821347,0.04058082045549484,0.007143805945390028
11350,0.015250315686169207,0.007687122719944108,0.08918935326792315,0.05332654815014671,0.1004331837568693,0.10453476117479836,0.0469552362131453,0.007518667406368857,0.09050902346557749,0.025835914074370976,0.0734313833528658,0.03037558912061856,0.0897393170523718,0.012331997073926277,0.04772567307387164,0.011763022919273855,0.090967177510205,0.020265508739966187,0.0028527234469613166,0.07930748179462636
11351,0.0041708036008966986,0.01529165966709426,0.08224438122920502,0.04167889653822086,0.10478635800267319,0.09007540535159722,0.03496021607958825,0.06140555469286761,0.04668244926099937,0.009425422776796406,0.06871317465033148,0.1062369001684891,0.09054455575474299,0.03669574576752756,0.024390683581680492,0.000352777369681194,0.026286620151274104,0.004826737928037959,0.11052619337511889,0.04070546405317754
11352,0.08157951622970282,0.05046495659062944,0.02188653594530098,0.005163496998492411,0.0528984478186993,0.01695120365712618,0.07446676748557693,0.08874225349795517,0.02970027296649751,0.09293215006628461,0.03198093534974747,0.015207771281269607,0.05783950729092654,0.08221771451901297,0.03781947563690831,0.026110401363463865,0.08684273373097633,0.06044493998498618,0.04089970350258628,0.045851216083856984
11353,0.06246206782389138,5.498943443974728e-05,0.08811373745245951,0.01460368445431694,0.06249410088612159,0.050646675626141086,0.0059660916799497326,0.09771734548767409,0.05271965629445367,0.10617835108947546,0.009240023248585008,0.012296322514345346,0.047875735338422175,0.06771744792745013,0.052683189292099676,0.042478872851702945,0.023992190282251104,0.056168907085291,0.06786375494026879,0.07872685629066058
11354,0.06841009028467256,0.07190993478335952,0.029645822043841176,0.051964465245775436,0.05766435794236853,0.07455906397179661,0.07946900405574578,0.00023931329795274869,0.012933928115229068,0.07425486834627508,0.08306493723250667,0.02253729859637975,0.0052528691642074595,0.08221998277775504,0.08393700464386171,0.07109601433260881,0.027023883887948522,0.029523377370836774,0.020729143265525895,0.05356464064135282
11355,0.04092717582122252,0.06387841961959981,0.04022396432503761,0.04207303348973769,0.04554430626747603,0.06254718483331831,0.05285623990117732,0.043070645607117514,0.040855584582718006,0.09656025822667107,0.05844708844297631,0.06456153055425953,0.017851414794981812,0.032562029055331676,0.0022766663089241984,0.054263061229361476,0.0259499969348326,0.09101746057058349,0.04860764959826553,0.07592628983640766
11356,0.05141433777957253,0.03985388583849644,0.07646898056080291,0.0828413229821582,0.011129382156908263,0.06829514700004193,0.0626102456449456,0.0387639497699673,0.05796411265494441,0.04676631347817526,0.08688141091929497,0.03829309452671567,0.02662047547700872,0.07651482463257903,0.05610634112573992,0.04608677070145168,0.027811136194007536,0.055832717432057005,0.03703808314908044,0.012707467976052178
11357,0.01926330362575983,0.10615648286910594,0.01916383587605238,0.07627995861611767,0.05676965505860694,0.07008251739762551,0.05399470861344776,0.07825779462941578,0.011252055334551697,0.0995346347038886,0.0590184863231505,0.028983933051985645,0.020775385110430943,0.060682690502506555,0.058776109831326404,0.02233060051676549,0.10806507796410922,0.003396203930611285,0.03488644207508254,0.01233012396945925
11358,0.0857079245640745,0.09015659240369404,0.0193403469400693,0.05643921643496028,0.003407002221036226,0.05162420775071822,0.02765312728627823,0.07396549715543338,0.07819752767465574,0.037676924336770765,0.018478844646936686,0.025893068741175557,0.04363274460131388,0.06031627296657533,0.04335494528410469,0.09120222281029848,0.03897852627714818,0.059807845617722365,0.07179437819341901,0.022372784093615067
11359,0.033567537297299194,0.09916076627611646,0.028034800053553206,0.01793398351995825,0.09550083757149887,0.04054596723741549,0.09625643634056041,0.019430501285055655,0.02199930189134205,0.016792924837057153,0.09346681909939764,0.012094492651271233,0.04731106237317991,0.013970654385198027,0.06872649810459816,0.07705014557242469,0.07962409542468643,0.0942805067198577,0.007849347186669664,0.036403322172859985
11360,0.07860046883726428,0.02229283841651454,0.03575418873150315,0.027323503351252994,0.03138152516665929,0.09012969942895364,0.0231463683218757,0.062418667176335846,0.06554016895641482,0.06210206978186195,0.057789798547208386,0.05132531489362603,0.09804278079270523,0.08386004357294057,0.05961064657407811,0.01233102194988726,0.08532945511569201,0.022466763384879275,0.03038545015233693,0.0001692268480101402
11361,0.041749503514652314,0.02904752435372627,0.020733933419751674,0.0871838955435996,0.048817570986909184,0.0275075445475912,0.07651092000962405,0.00569295411215761,0.052682944881000095,0.06770582134826149,0.0804627235550089,0.07077614029961128,0.0018025980640317477,0.02873104556297107,0.0747122653743228,0.05820238064130399,0.09077882698790056,0.0688971560730949,0.017573187984364868,0.050431062740116196
11362,0.03243677819038306,0.09127449642394148,0.06497787027986833,0.06701965537527149,0.07732109038108283,0.053635882443796155,0.08345237573254598,0.07246367450192878,0.06079716122534781,0.019097340989076592,0.032401438894759556,0.060720928164288146,0.08567102929262417,0.023677463053145918,0.01524169533238189,0.03306128653544617,0.01936767544037696,0.03752980080538472,0.0005018675643618081,0.06935048937398827
11363,0.019638330046949346,0.0473375552362686,0.09061696668796249,0.09671154575553548,0.09352972447594705,0.06818746928500598,0.01395471875772205,0.03718500330681497,0.05330270207356891,0.019096000337570473,0.05432158904426891,0.054429652585347654,0.050096763077081954,0.08917528866719464,0.020699289780778323,0.02409958772922518,0.026352917431623837,0.024206645374162433,0.07742534449436095,0.03963290585261081
11364,0.05730093860585794,0.040885198735452,0.03502553185451194,0.0887008044936856,0.003605055951570137,0.05909565186981468,0.00409531879211908,0.0030106203358389832,0.053918079871381135,0.0823915890313752,0.07771446790964329,0.08378138820307543,0.05250948499578396,0.010184334582580883,0.05740010774728102,0.08863763721282979,0.0017342988246127923,0.007879500370931481,0.09829180393579849,0.09383818667585618
11365,0.06731834966654378,0.0005602761629644998,0.04153046148866774,0.07015150580129043,0.03704076417084089,0.07051795472350596,0.06975613053010596,0.035917023282773804,0.06984197365975318,0.035052807729600614,0.07780755533242042,0.03226308189986196,0.06067146406362062,0.0343876943199666,0.03799067698575818,0.029697366724873664,0.02365212853714226,0.07365694290270677,0.0554109855370743,0.07677485648052826
11366,0.05944269688161789,0.07523261305102251,0.09112214292515264,0.005818095699795737,0.006996726458843281,0.039411767636545574,0.07724658688420107,0.07699810861209275,0.020740067810048293,0.06702070496869386,0.06812754688822362,0.06988023970237904,0.06131968187244985,0.0732581667266944,0.007140025677512617,0.007485864213511065,0.019374766804144995,0.06825193895544827,0.054463309490633896,0.05066894874098876
11367,0.01415625753686657,0.030315479628959707,0.04908244775181397,0.07498926789044055,0.0693243773390078,0.07234075456120898,0.05238209000986428,0.041335938114389036,0.06337113697462679,0.07962687951291139,0.005222462063707319,0.037932796665110534,0.03353627488337674,0.07183091334135164,0.036968703426832256,0.04300682093730008,0.04520023830710079,0.042023496180762725,0.06535769342351858,0.0719959714508502
11368,0.03946924091051237,0.005954816047778426,0.07491640485951626,0.1118072814499529,0.09762162826216382,0.04713918971071913,0.006054274523730725,0.08192179811736665,0.03933078669368409,0.04657640889194633,0.06615192808944252,0.018664667303212795,0.015577983239789818,0.02361024979652592,0.08468700753987828,0.08856008017104035,0.07530969542318243,0.03700524657101479,0.016719194430588,0.02292211796795427
11369,0.04294366923797823,0.0009377889593554857,0.03114129342928705,0.02879687609780994,0.08962167694872542,0.049664329228366035,0.04186975799095798,0.06771629143883225,0.10306873945810946,0.026689173922791173,0.09983883636518581,0.06368963072414213,0.04656157375452713,0.05642928595161281,0.02993715367997476,0.01673693525158246,0.013316687316227122,0.08278662705011954,0.010389567500332675,0.09786410569408252
11370,0.07221975098663834,0.011702622982387018,0.004567434447165163,0.04077322131797508,0.024572930980985886,0.08948558689412721,0.05149403275408214,0.012271553429276036,0.00493080440008463,0.012819436901830355,0.02491585889679707,0.003349573502511384,0.1134712325532474,0.10798267086631358,0.03527830701060959,0.11138663923200913,0.04555365155128621,0.06761736382514259,0.08511772882586958,0.08048959864166172
11371,0.06428566421272647,0.08052270361706841,0.06348296120902007,0.07691455965458648,0.02114538258924754,0.00947529061902445,0.005119762939005658,0.08025356096734389,0.013910072511827574,0.013458590695133452,0.08280851903601637,0.08789813507196464,0.05029981337027031,0.05409384756654311,0.07219519538702435,0.027732606698892503,0.09128162336939452,0.019386637898831063,0.06999626828053424,0.015738804305544984
11372,0.033814939838766545,0.06319161745082987,0.08387969158683943,0.018392112346535622,0.06025342554685091,0.09525811106006071,0.08049906314031746,0.07436869319742477,0.05846619350730237,0.05190934640218498,0.03667277818348929,0.07742347021160499,0.06442838063133895,0.0274554567320506,0.02621214111664624,0.012974383782442228,0.035759410534435654,0.044469869363168435,0.04215353527721374,0.012417380090496963
11373,0.028760353469608584,0.07303386585069155,0.03241090775271546,0.08354057646787189,0.06182503061707524,0.009078489801662924,0.03333016037737888,0.06652134923083725,0.021914661282949926,0.052271043699626735,0.001638823064479298,0.08963845078393427,0.0781465413595629,0.0668309760720804,0.014364510791551795,0.047034488331899535,0.07056261356434264,0.08433064963132063,0.06255824023055825,0.02220826761985192
11374,0.07766794794913862,0.008597114328155594,0.02158387245751573,0.054358235771610086,0.039672502502300463,0.0977627283410224,0.05727474102409183,0.04985536834831313,0.06666747759488874,0.07209402386466032,0.025484543802507795,0.07138915676187846,0.04997303686032989,0.08515783925975162,0.016146215702475982,0.03989534124881702,0.065828949344854,0.03218155633158727,0.014598608858497031,0.05381073964760391
11375,0.08288249553304698,0.07691252543059773,0.0038541275408497085,0.026264814762498225,0.014762960792671911,0.011532526028766392,0.048424411529773,0.02630301594277032,0.051377693816801726,0.08731291876536477,0.08759592710528662,0.06811443287536775,0.02822491722127757,0.09708187999243022,0.017637290655733193,0.011963295869882313,0.05219541236888507,0.09154812498145654,0.07030055999971853,0.045710668786821486
11376,0.007575440985068748,0.05013408272404314,0.02679680719756946,0.06483052296104341,0.09072089616650522,0.08295980269478609,0.058133810225066994,0.03040010154413304,0.0809079176652571,0.062161219089527944,0.07194187909050194,0.016829528752736203,0.0599144585749417,0.05946397133700857,0.03170163127752162,0.0877758865208238,0.007448460010070738,0.030625510681070733,0.022845758797767953,0.05683231370455554
11377,0.08158943344147146,0.01683258297073548,0.026503427656415036,0.03423504739110389,0.001472568905729457,0.01668726324934289,0.09747818296685845,0.06223056081323979,0.024397844957703783,0.07416040361192738,0.017294872023030084,0.07854689032497347,0.012894607426473427,0.03220383663572542,0.05267337285285634,0.08841723170554812,0.055944641708580156,0.06397144416403289,0.08379208547488846,0.07867370171936404
11378,0.028528640020867115,0.07120579138401197,0.07502503009610675,0.025720327221014222,0.06380121699657684,0.0789330720984699,0.022331498828232106,0.08682833305892744,0.024495545874574996,0.028965487501650743,0.04328267955091435,0.029289811613931314,0.0730726418886571,0.001804309616894364,0.023379965117603027,0.012697567507969585,0.10177772240758219,0.08148655895921457,0.06511251729994384,0.06226128295685746
11379,0.06453306579494268,0.0852377431718828,0.06489627845144856,0.07811088272722969,0.035797793430152595,0.018157325701380286,0.055557953208527446,0.08222540387924623,0.052849655665631906,0.0335610257276318,0.039987916987559644,0.011649100991123394,0.07793155246900188,0.0155702298102854,0.0031464648603285097,0.07925125293250501,0.0244615842613882,0.0775389445850353,0.040062583453488426,0.05947324189121027
11380,0.03626411385855067,0.07472849980510379,0.031135274546420486,0.04089831351591115,0.04875842320545303,0.051771194470794646,0.03283689253456297,0.008869788185394108,0.05424110875519479,0.06976686293985261,0.05624619095142973,0.08624603843200432,0.006897889967786394,0.026045594201298834,0.033436982728197694,0.09030323674094073,0.06326948599519766,0.06326556365132822,0.09005681196875735,0.034961733545821
11381,0.03713016578117771,0.035458332157372416,0.007264531884670154,0.007041508651525003,0.07315172774412061,0.07736737344645686,0.0684240233679667,0.05964978711042613,0.04396787834693011,0.003338327600883729,0.06223655690076601,0.07900973193159207,0.016244924619350936,0.07292311574387896,0.07655237414670438,0.04583474250120247,0.07114929537232187,0.05745372828307272,0.07947104869157441,0.026330825718006594
11382,0.05016354817593159,0.0819029277253434,0.008248347804345997,0.08574772193257073,0.07930438947952749,0.015397639825616816,0.0027278930745252114,0.015057374203093464,0.05705017364290419,0.025856936508047164,0.04091249418282962,0.07695956075435088,0.012672002987552071,0.056970377559580294,0.06732350989426159,0.03876173525370342,0.08645136600320427,0.06277485574902389,0.06475239672924211,0.0709647485143458
11383,0.0055335537230006,0.0387997638939432,0.015019967001969762,0.05952692082007375,0.0622983521101551,0.04195154558901407,0.051323588382293554,0.06469271883412332,0.07911507691540058,0.07667143096710463,0.0842205226546222,0.0662208144467519,0.05218763703737364,0.08056991732521275,0.03209432374335833,0.00621463511237915,0.0679953450275677,0.0627840832072078,0.034776832319577275,0.018002970888870515
11384,0.08578718982035018,0.080955751894707,0.04877423094060904,0.04679355486189388,0.03952084365882472,0.0531310650399082,0.018638003948474993,0.010351072039499346,0.08718950971795049,0.07756001565251115,0.093957481251678,0.016308019764159184,0.057179273788287445,0.03782654556891377,0.03337409468040278,0.011991743380250922,0.04010816086320208,0.03532512202820108,0.07607908150880446,0.04914923959137116
11385,0.08036757615024312,0.07736750459975872,0.05838218361652886,0.04873383908707657,0.07162855978270036,0.02715132862188863,0.027208937355858293,0.07527550740737611,0.004737239538552363,0.07748427120927798,0.000980213432321609,0.02018299265960922,0.019321029337030775,0.07570274263170328,0.05361601259446127,0.05567682602803069,0.052401903881749264,0.021866229976372064,0.06570472107205207,0.08621038101740881
11386,0.06689786872342991,0.06474671477352234,0.013044958080788559,0.038117508339500526,0.07224304811482372,0.0701518550620479,0.07759719988690472,0.010027016280076418,0.07205482240368723,0.07057570897932039,0.08480726765315698,0.09333433447993679,0.0002984308031115543,0.036749499613084116,0.07877031365974063,0.020442296022592944,0.038157315810992604,0.04204205207130052,0.03771832193025308,0.012223467311729063
11387,0.08650148018309298,0.02679025235338294,0.014956640256663186,0.05247929560330857,0.09503451642681658,0.06592514696634917,0.07733157326957293,0.09106060857262259,0.08766063938323718,0.017659648200159375,0.0017148765515683992,0.03317978964277764,0.07604568819400014,0.006040459081114095,0.07099809994766962,0.007495957990237619,0.053816318202235196,0.056391109251881996,0.05811358661416074,0.020804313309149083
11388,0.05044156670700952,0.07134823930790427,0.05074037780469063,0.020398878442387868,0.07318796244940323,0.06605948500112634,0.028688735120110553,0.06550225128665203,0.07681860767410965,0.06925504638748638,0.010568701031747414,0.012096979856856708,0.062239534175006946,0.07101698692228484,0.06103052168364118,0.07596879684723155,0.002605325818522932,0.04617942629634167,0.00836312128497398,0.07748945590251241
11389,0.03342821218764934,0.07391886054360448,0.0016357757592166875,0.05050578715156499,0.0251566684689156,0.03746835038651725,0.09322499668580736,0.0015976170200043423,0.015312362463929358,0.059276438662409954,0.03615925223293672,0.08204521562651189,0.06667303159337859,0.0873972170601314,0.02528218664742496,0.10337447823631789,0.06111843708061888,0.03608219303528247,0.03413110969893078,0.07621180945884706
11390,0.05897843404400061,0.06373581253187194,0.0671296513700232,0.03573139757107964,0.07334917094417483,0.033280348067607934,0.046521007683895145,0.0053663007745829204,0.023319406523992108,0.05266415338149834,0.07942743602908288,0.015732376077095676,0.1211943380144625,0.02058385408717387,0.02507583303160031,0.08871099120608364,0.013615484847745114,0.07578229913520254,0.07775248180646235,0.022049222872364604
11391,0.041295193903600695,0.02000635241332011,0.04283713105865538,0.059543162974788025,0.03827130863984353,0.07045596294173877,0.0682945315422284,0.03436304599782598,0.01759449388359138,0.06825414176633217,0.07167507468151157,0.05310734101771839,0.05348979329424752,0.03452451469093499,0.04055008121107075,0.06356081497449849,0.03616939239904464,0.07134863460880667,0.05623832647342788,0.058420701526814625
11392,0.10017921703678674,0.005119533542820494,0.050314378147276545,0.06416608907035593,0.015211452721478468,0.009661523317752269,0.08264072327778432,0.042507485362992335,0.09972638606027957,0.0511621691724043,0.04318387901779821,0.08066755543199541,0.025600619788403126,0.03649573049172503,0.08259792710444375,0.004443125549436467,0.052026399509669266,0.09373101557923556,0.04548263995519561,0.015082149862166515
11393,0.06853189327154365,0.010609315149040194,0.06320313704526274,0.022145734523021893,0.009128403827640807,0.06415318456522603,0.09440437826247838,0.02022929761125756,0.06180056387980006,0.05346347424651806,0.010488944803289041,0.07954479488948035,0.07782138405508097,0.03019848413718737,0.10373883253921466,0.05329193980242378,0.02608128222289164,0.014782205026299582,0.05606963037934788,0.0803131197629952
11394,0.07995842344895236,0.07415972502016618,0.006866732528938926,0.017658524267708895,0.017587814101524456,0.026386510486295544,0.027735212132218842,0.043464898148763365,0.015128626041028461,0.06680789898222206,0.0760760810088453,0.11295511989474187,0.03514100504042685,0.0011330839828640898,0.06029059164967316,0.0970391402892089,0.0561100541773798,0.08253133426801097,0.0008004096202518426,0.10216881491077803
11395,0.018761772592048875,0.019918247905784836,0.022237047353072213,0.08051116671911901,0.014969833260282766,0.08356279987262814,0.07241523117214914,0.06846480186850493,0.04502105141460619,0.03849910787492504,0.017223373080407774,0.06347031485339129,0.06909743755150173,0.034814018393820235,0.05402968864526471,0.08188170587604275,0.0953259772778848,0.021623235093726073,0.006155001472453431,0.09201818772238587
11396,0.06596559740331319,0.004330871201722734,0.08670249580833661,0.09133608326502338,0.08326998922236785,0.08767556021313548,0.009767949005991022,0.08113612665995909,0.005999484390489353,0.07377541880291465,0.0278836953073653,0.07333986932997784,0.03883055991148835,0.07838638949686823,0.03923619947158549,0.024003132707128814,0.08294455402810035,0.028885936921217183,0.009463725983285595,0.007066360869729513
11397,0.004422448350735031,0.04761171116827074,0.02866196907888768,0.07241086200305369,0.02486400841248631,0.09244582539070247,0.05573838201895043,0.07372414369506854,0.005820204742603952,0.09586766536794991,0.08430033050179689,0.03361027273013826,0.01434387147656362,0.002472818343862879,0.09528642967853578,0.006110066465050498,0.09409578911165051,0.09372665517711634,0.06953001226390225,0.004956534022674216
11398,0.0862695376591013,0.025771413025754794,0.09166320337968951,0.07766096388157315,0.008247533219293439,0.043802324033435,0.005569988056825522,0.02931220643366792,0.09004745915849185,0.01365958000182625,0.005173212250096584,0.05988381612877402,0.09773406476311096,0.0025646188207199654,0.10383700355002463,0.03243885479353189,0.033245499499441895,0.046152709607635255,0.06916631251509134,0.0777996992219147
11399,0.05523065447249294,0.07822322637348453,0.049407429605627586,0.031095894035802516,0.07825549662606354,0.01748864166186762,0.06738494569568963,0.06946110602453519,0.057019293905364136,0.026624440707250962,0.04347204513844424,0.03744535989815388,0.025422309878083735,0.045662301256273324,0.06840956630906274,0.02681413917285242,0.08014356513448832,0.08786394459974012,0.010859858852497779,0.04371578065222466
11400,0.055613424446571136,0.09002091876888317,0.04936724483022806,0.04554596982515896,0.058573660417929385,0.08027700518665701,0.02403920371761991,0.05990856454466645,0.08112450815045794,0.01723576388334288,0.02438113729018005,0.05516929520961433,0.049888010757871755,0.030874757359229458,0.018804000195207917,0.07532629905068688,0.06024043733972795,0.014793290401923266,0.017363827029786984,0.09145268159425667
11401,0.027240661135420074,0.05961960914674329,0.06963980688088255,0.022935414521009324,0.03422969687706266,0.08757874051639576,0.09778999731249328,0.03829250351973333,0.0443437429147036,0.023413242031998176,0.026786789160283063,0.039472314719906254,0.018659979866031188,0.07467871568713025,0.0801132733761065,0.08187752041122874,0.08649752560650885,0.009333156167502127,0.0634303887671203,0.014066921381740705
11402,0.01911202216994138,0.09356921264730123,0.017771538293480774,0.08154066783714871,0.007729789881445306,0.09200183861229447,0.04284343249947668,0.05345083890840371,0.029859529031753825,0.07494354891005699,0.03515990022975555,0.006564824678584353,0.0937586772679851,0.04818974833468903,0.09198431950233832,0.03500971077553428,0.024823955945451847,0.02959654760661312,0.07666805193820594,0.04542184492953946
11403,0.00641189942899322,0.04241515618801323,0.04583670665996525,0.07559081258307596,0.048065960652488415,0.09621648960624866,0.03904029355194372,0.02098952490094026,0.11533316358080711,0.10416257858842541,0.053347019616179256,0.025994253649177873,0.015096642407174152,0.06845763139786319,0.08983849465557987,0.029409895328039545,0.009986501144595128,0.006403015618989138,0.08690961726787585,0.020494343173624606
11404,0.061647907800911,0.011686693769815893,0.028919290210887103,0.08407031219085011,0.06655108302252535,0.03643341591052385,0.06896005383150382,0.06447790631383278,0.012852532468512486,0.015339188229571957,0.07156352460606416,0.019733616412376625,0.0921116803660644,0.04837238391308222,0.06114627850014988,0.033029382745831615,0.09670263042347133,0.009875067198927643,0.0781211362722698,0.03840591581282813
11405,0.01026367937123584,0.09340019663142353,0.08697498335690185,0.0060406749296174215,0.0759146031302112,0.05221013577560029,0.06407272935410725,0.06071556475781323,0.046143086269409314,0.008988686306825302,0.015334263343323083,0.06264458674888379,0.0014436748056322682,0.05534885069089736,0.0911698729779431,0.05077335059176999,0.060391723582039196,0.0012531450153356832,0.0671427735259722,0.08977341883505809
11406,0.01111363268111604,0.05151221588231541,0.02195979576974578,0.016310197247184223,0.04188612617998979,0.03689476596933511,0.08673807664170735,0.036093074238021154,0.04855671448236598,0.07090789334190516,0.0956691981607264,0.0017347008831623968,0.09005834657267339,0.019432570074521285,0.0703968555200703,0.044595736192318526,0.02293456035129715,0.05050912464864154,0.078886035980472,0.10381037918243116
11407,0.04775769900555451,0.058493886228606184,0.07540528107581242,0.07526670819437833,0.07373180523334538,0.0030912994941569823,0.03220215049483352,0.07155582761005347,0.01740014467686955,0.062407419917201244,0.06726368410222122,0.01416392549029163,0.06753126394425583,0.06976792951817791,0.0038633713646117358,0.07023799782170793,0.018082101431986308,0.05549558657263478,0.07375758862791121,0.042524329195389905
11408,0.08219955503557067,0.011539311806048945,0.08489269391126687,0.08986273312479566,0.07478628731931056,0.0038526011343622203,0.06880512804497595,0.06159835924447999,0.0167166056137077,0.05557484842692337,0.08209696667921322,0.0517857748508823,0.031026174181755926,0.022911653397814213,0.07993330669306838,0.034289898020859834,0.011039677300050479,0.012187763394499182,0.029830562925160363,0.09507009889525447
11409,0.007629391090506792,0.027841164857721482,0.007795914102906979,0.07927881238107207,0.09543854443782615,0.09473352966270197,0.08705720664608993,0.020747819551614786,0.027188942177914482,0.061173247102881696,0.09407744325410757,0.012887565430788412,0.028838318366061193,0.008662833941685768,0.02597555816891932,0.10381248421768907,0.08254987692164792,0.09683848157024665,0.017665738510785685,0.01980712760683218
11410,0.0202137648691824,0.07672184850358497,0.005729275864077905,0.05235004170848923,0.07888210487108467,0.037600096631766194,0.016014456453248022,0.07898530622381837,0.01701353817563599,0.08048363320225588,0.06641514180112375,0.0549617765110559,0.01634210896531154,0.08883685360485151,0.03422211307527469,0.05161358687309476,0.0025853984616462985,0.04738636371301549,0.08688442871113222,0.08675816178035019
